				LOC 6
000006		000012		Data 10
000007		000003		Data 3
000010		002000		Data End
000011		000000		Data 0
000012		000014		Data 12
000013		000011		Data 9
000014		000022		Data 18
000015		000014		Data 12
000016		010207		LDX 2,7
000017		003412		LDR 3,0,10
000020		003212		LDR 2,2,10
000021		002652		LDR 1,2,10,1
000022		006000		LDA 0,0,0
000023		010110		LDX 1,8
000024		130400		SETCCE 1
000025		014100		JZ 1,0
				LOC 1024
002000		000000		End: HLT
002001				IN 2,8
002002				OUT 2,9
002003				CHK 2,8
002004		025503		JCC 3,1,3
002005				TRAP 2
002006		004612		STR 1,2,10
002007		006204		LDA 0,2,4
002010		010210		LDX 2,8
002011		012206		STX 2,6
002012		014206		JZ 2,6
002013		016206		JNE 2,6
002014		024606		JCC 1,2,6
002015		026206		JMA 2,6
002016		030206		JSR 2,6
002017		034606		SOB 1,2,6
002020		036610		JGE 1,2,8
002021		155000		RFS 10
002022		041210		AMR 2,2,8
002023		043300		SMR 2,3,0
002024				AIR 2,9
002025				SIR 2,8
002026		055100		MLT 2,1
002027		056600		DVD 1,2
002030		061300		TRR 2,3
002031		063300		AND 2,3
002032				NOT 2
002033		064700		ORR 1,3
002034				SRC 3,2,1,0
002035				RRC 2,4,1,1
002036				IN 2,8
002037				OUT 2,9
002040				CHK 2,8
